Clustering on Stars Count and Forks Count:
[206336, 243, 13, 4258, 60, 939]
[[4.99011830e+01 1.44766140e+01]
 [1.46966996e+04 2.89162551e+03]
 [7.21747692e+04 1.95021538e+04]
 [1.92193346e+03 3.71321655e+02]
 [3.28617667e+04 7.76468333e+03]
 [6.20707135e+03 1.09768797e+03]]
Clustering on Stars Count and Open Issues Count:
[130748, 56, 923, 13, 4065, 240]
[[6.94496482e+01 7.08867217e+00]
 [3.34650714e+04 6.93250000e+02]
 [6.25415568e+03 1.53267027e+02]
 [7.21747692e+04 7.29230769e+02]
 [1.95029133e+03 6.78531073e+01]
 [1.49086292e+04 2.86166667e+02]]
Clustering on Stars Count and Watchers Count:
[301015, 57, 241, 4316, 13, 942]
[[3.48420603e+01 1.03832304e+01]
 [3.33805263e+04 1.72991228e+03]
 [1.48909419e+04 7.28178423e+02]
 [1.91144921e+03 1.09197124e+02]
 [7.21747692e+04 3.99815385e+03]
 [6.23818278e+03 2.99442083e+02]]
Clustering on Stars Count and Contributors Count:
[306577, 277, 13, 1024, 62, 4554]
[[3.30466922e+01 4.68460763e+00]
 [1.40377148e+04 1.71992780e+02]
 [7.21747692e+04 8.50230769e+02]
 [5.79583723e+03 8.27582846e+01]
 [3.26016774e+04 3.92145161e+02]
 [1.77327933e+03 4.05796848e+01]]
Clustering on Stars Count and SourceRank:
[304526, 241, 940, 13, 4300, 57]
[[3.45277222e+01 4.03807722e+00]
 [1.48909419e+04 1.52614108e+01]
 [6.24277955e+03 1.37316294e+01]
 [7.21747692e+04 1.93076923e+01]
 [1.91816698e+03 1.11916978e+01]
 [3.33805263e+04 1.80877193e+01]]
Clustering on Forks Count and Open Issues Count:
[122622, 30, 108, 1, 482, 3147]
[[2.17827750e+01 7.45424224e+00]
 [1.46040667e+04 6.58966667e+02]
 [5.66466667e+03 4.97296296e+02]
 [5.81530000e+04 4.41000000e+02]
 [2.10914730e+03 2.65141079e+02]
 [5.54520191e+02 9.98060413e+01]]
Clustering on Forks Count and Watchers Count:
[229047, 31, 1, 538, 113, 3679]
[[1.30136185e+01 1.18817301e+01]
 [1.45575484e+04 2.77845161e+03]
 [5.81530000e+04 7.29500000e+03]
 [2.01296846e+03 4.73384045e+02]
 [5.60435398e+03 1.18835398e+03]
 [4.98320984e+02 1.83689832e+02]]
Clustering on Forks Count and Contributors Count:
[3472, 31, 513, 232258, 1, 111]
[[5.26258353e+02 6.01169355e+01]
 [1.45575484e+04 6.75645161e+02]
 [2.05959728e+03 1.52186770e+02]
 [1.30354995e+01 5.26570997e+00]
 [5.81530000e+04 8.19000000e+02]
 [5.63809009e+03 2.70099099e+02]]
Clustering on Forks Count and SourceRank:
[230669, 511, 31, 1, 111, 3453]
[[1.31391845e+01 4.50487504e+00]
 [2.06424853e+03 1.36281800e+01]
 [1.45575484e+04 1.80645161e+01]
 [5.81530000e+04 2.40000000e+01]
 [5.63809009e+03 1.52342342e+01]
 [5.28822968e+02 1.14677466e+01]]
Clustering on Open Issues Count and Watchers Count:
[7633, 588, 7, 108, 140708, 48]
[[  54.03147128  133.50118017]
 [ 258.08858603  547.81260647]
 [ 278.85714286 5377.        ]
 [ 216.61111111 2158.7037037 ]
 [   5.80460644   10.07601126]
 [1851.41666667  762.95833333]]
Clustering on Open Issues Count and Contributors Count:
[6390, 703, 112, 20, 143696, 258]
[[  64.60987809   50.43357299]
 [ 296.00853485   79.72261735]
 [ 924.00892857  264.83035714]
 [2601.1         449.65      ]
 [   4.84013975    4.66902595]
 [ 106.81395349  414.34496124]]
Clustering on Open Issues Count and SourceRank:
[143345, 218, 1111, 44, 10, 6671]
[[   4.48449545    4.85021452]
 [ 577.02293578   12.93577982]
 [ 211.57913669   11.73111511]
 [1495.72727273   13.84090909]
 [3146.7          15.1       ]
 [  60.30629685    9.73898051]]
Clustering on Watchers Count and Contributors Count:
[445002, 119, 11677, 1379, 7, 437]
[[5.90023934e+00 3.80335974e+00]
 [2.23881513e+03 1.76554622e+02]
 [1.34730178e+02 2.29367738e+01]
 [2.70340827e+01 3.53182016e+02]
 [5.37700000e+03 1.19957143e+03]
 [6.90311213e+02 1.61098398e+02]]
Clustering on Watchers Count and SourceRank:
[409226, 114, 338, 6420, 7, 27067]
[[4.11420829e+00 3.38696222e+00]
 [2.26490351e+03 1.11491228e+01]
 [7.73852071e+02 1.37603550e+01]
 [1.82109346e+02 6.82585670e+00]
 [5.37700000e+03 1.98571429e+01]
 [5.25819633e+01 6.00321425e+00]]
Clustering on Contributors Count and SourceRank:
[428172, 801, 2, 3016, 368, 17674]
[[2.15263726e+00 3.34526078e+00]
 [2.23689139e+02 9.26716604e+00]
 [3.59900000e+03 1.95000000e+01]
 [9.28186340e+01 9.62201592e+00]
 [4.84342391e+02 1.01494565e+01]
 [2.60774018e+01 8.43906303e+00]]

